36910.7
36660.8
36410.3
36159.2
35907.8
35656
35403.7
35151.1
34897.9
34644.6
34390.9
34136.7
33882.5
33627.8
33373
33117.7
32862.4
32606.7
32351
32094.8
31838.8
31582.4
31325.9
31069.4
30812.8
30556
30299.2
30042.4
29785.7
29528.9
29272.1
29015.1
28758.6
28501.9
28245.5
27988.9
27732.6
27476.4
27220.3
26964.5
26708.8
26453.5
26198.2
25943.2
25688.4
25434
25179.9
24926.1
24672.6
24419.5
24166.7
23914.4
23662.3
23410.9
23159.7
22909.1
22658.8
22409.1
22159.9
21911.2
21663.1
21415.4
21168.3
20921.8
20676
20430.8
20186.1
19942.2
19698.9
19456.3
19214.3
18973.2
18732.7
18492.9
18253.9
18015.7
17778.2
17541.6
17305.8
17070.9
16836.8
16603.5
16371.2
16139.7
15909.2
15679.5
15450.8
15223.1
14996.3
14770.7
14545.8
14322.2
14099.5
13877.9
13657.3
13437.9
13219.5
13002.3
12786.2
12571.2
12357.6
12145
11933.7
11723.6
11514.8
11307.3
11101
10896.1
10692.6
10490.4
10289.7
10090.3
9892.44
9696.04
9501.18
9307.85
9116.18
8926.08
8737.71
8551.04
8366.06
8182.98
8001.63
7822.41
7645.01
7469.69
7296.6
7125.55
6956.99
6790.7
6626.89
6465.81
6307.37
6151.94
5999.5
5850.32
5704.71
5562.79
5425.06
5291.77
5163.4
5040.71
4924.67
4816.33
4718.06
4624.53
4532.64
4443.09
4355.47
4270.43
4187.51
4107.43
4029.96
3955.5
3884.13
3815.85
3751.36
3690.2
3632.88
3579.79
3531.23
3487.93
3450.98
3421.71
3401.64
3392.17
3394.21
3408.2
3434.21
3472.15
3521.7
3582.54
3653.99
3735.92
3827.64
3928.88
4039.23
4158.25
4285.71
4421.18
4564.45
4715.23
4873.09
5038.1
5209.8
5388.16
5572.84
5763.98
5960.7
6163.89
6372.88
6587.2
6807.69
7034.01
7265.09
7501.88
7744.7
7992.91
8245.76
8504.39
8769.11
9038.76
9313.36
9594.1
9881.03
10172.5
10469.5
10773
11083.1
11396.8
11717.3
12045.2
12378.2
12716.5
13062.8
13416.2
13773.5
14139.5
14514.2
14891.8
15279.1
15676
16075.6
16486.5
16906.4
17330.5
17767.7
18211.1
18662.9
19129.9
19597.6
20081.1
20574.5
21075.1
21595.7
22115
22655.4
23203.9
23765.6
24345.6
24929.6
25542.7
26151.7
26792.2
27436.8
28129.8
29166.2
30032.2
30838.6
33652.9
34969.1
35182.3
35690.4
36240.4
37203.8
39176.9
43916.9
47559.7
47567.2
47576.7
47584.6
47599.9
47785.8
48133
48933.9
53827.9
56213.6
56067.6
55920
55771.3
55620.9
55469
55315.8
55161
55004.6
54846.9
54687.8
54527.2
54365.1
54201.5
54036.8
53870.5
53702.6
53533.2
53362.7
53190.6
53017.3
52842.1
52665.9
52488.2
52309.3
52128.7
51947.1
51763.7
51579.4
51393.4
51206.2
51017.8
50827.9
50636.6
50444.2
50250.2
50055
49858.8
49661.1
49462
49262
49060.2
48857.8
48653.9
48448.5
48242.4
48034.7
47826
47616
47405
47192.7
46979.4
46764.9
46549.2
46332.6
46114.7
45895.7
45675.7
45454.6
45232.5
45009.5
44785.4
44560.2
44334.2
44106.9
43878.8
43649.9
43419.9
43188.9
42957.1
42724.3
42490.8
42256.5
42021.2
41785
41548
41310.3
41071.7
40832.3
40592.4
40351.5
40110
39867.6
39624.7
39381
39136.8
38891.9
38646.1
38400
38153.2
37905.7
37657.8
37409.5
37160.4
