299
299
299
299
299
299
299
299
299
299
299
299
299
299
299
299
299
299
299
299
299
299
299
299
299
299
299
299
299
299
299
299
299
299
299
299
299
299
299
299
299
299
299
299
299
299
299
299
299
299
299
299
299
299
299
299
299
299
299
299
299
299
299
299
299
299
299
299
299
299
299
299
299
299
299
299
299
299
299
299
299
299
299
299
299
299
299
299
299
299
299
299
299
299
299
299
299
299
299
299
299
299
299
299
299
299
299
299
299
299
299
299
299
299
299
299
299
299
299
299
299
299
299
299
299
299
299
299
299
299
299
299
299
299
299
299
299
299
299
299
299
299
299
299
299
296
294
292
289
286
284
281
278
275
272
268
264
261
256
251
246
240
235
230
226
223
221
220
219
218
218
217
217
216
216
215
214
213
212
211
210
209
207
206
204
203
201
200
198
196
195
193
191
190
188
186
184
183
181
179
177
176
174
172
170
169
167
165
163
162
160
158
157
155
153
152
150
148
147
145
143
142
140
138
137
135
133
132
130
128
127
125
124
122
120
119
117
116
114
113
111
109
108
106
105
104
104
100
100
101
90
90
91
91
91
91
91
80
78
76
75
74
75
75
75
76
299
299
299
299
299
299
299
299
299
299
299
299
299
299
299
299
299
299
299
299
299
299
299
299
299
299
299
299
299
299
299
299
299
299
299
299
299
299
299
299
299
299
299
299
299
299
299
299
299
299
299
299
299
299
299
299
299
299
299
299
299
299
299
299
299
299
299
299
299
299
299
299
299
299
299
299
299
299
299
299
299
299
299
299
299
299
299
299
299
299
299
299
299
299
